29 0.4513129171875 0.589609209375 0.4578343125 0.5893004296875 0.4621874984375 0.5927015109375 0.4693467 0.586902990625 0.476922446875 0.5844969609375 0.47961783281250003 0.5797384765625 0.48443030625 0.5761958890625001 0.4850086046875 0.57022150625 0.49268660000000003 0.557963959375 0.489736421875 0.5499630765625 0.479380634375 0.5404117484375 0.45535263125 0.5423781187500001 0.45041276406249997 0.5395410218750001 0.44258222500000005 0.5291876828125 0.4391132546875 0.5276458265625 0.4133847125 0.5317887906250001 0.417508253125 0.53866170625 0.41733811718749997 0.54261818125 0.41112263593750004 0.55076056875 0.409779134375 0.5558450109375 0.4026199328125 0.5616435328125 0.38135520624999997 0.5647464609374999 0.3785919328125 0.5636099031249999 0.3768235015625 0.5598914546875 0.3588408421875 0.5576719140625 0.35250634999999997 0.56484501875 0.351690025 0.5688808359374999 0.35198755625 0.57130404375 0.371780559375 0.6042940359375 0.3902820109375 0.6000545500000001 0.421299078125 0.5962461343750001 0.4513129171875 0.589609209375
29 0.6254955984375 0.53378589375 0.6236676625 0.5295828031250001 0.6046566265625 0.508303553125 0.5966559515625 0.501906690625 0.5811474171875 0.5038108984375 0.568461665625 0.5073363046875 0.5524511046875 0.5265203406250001 0.5525701171875 0.5274896234375 0.5796497171875 0.5610607796875 0.5839433953125 0.5639772187500001 0.6037372265625 0.55957905 0.6254955984375 0.53378589375
30 0.49934211875 0.6442215874999999 0.5453321609375 0.6341471875 0.5649223234375 0.612063890625 0.5656196359375001 0.607058790625 0.5472967046874999 0.6127522 0.5242124234375 0.6170624390625 0.5202162765625 0.6165692078125 0.5090357796875 0.6056432953125 0.4870150609375 0.575878521875 0.48131837343750006 0.5775618828125 0.47551105781249997 0.5836863625 0.4661752625 0.5877843421875 0.4603595625 0.5884984203125 0.4604785765625 0.589467703125 0.4636583953125 0.593996753125 0.4644914875 0.6007817359375001 0.4742010859375 0.61041240625 0.49934211875 0.6442215874999999
28 0.4596823234375 0.4547716765625 0.46437578281249997 0.45025980624999995 0.4799438234375 0.4488402390625 0.48011396093750003 0.4448837640625 0.46952014531249997 0.43339386874999997 0.4235217203125 0.43805786874999997 0.40764693750000003 0.4690319890625 0.4080039765625 0.4719398390625 0.42419223125 0.49159789062500003 0.437413540625 0.49243425781249994 0.4421665078125 0.48840702968749994 0.4596823234375 0.4547716765625
27 0.47849641875 0.5385525234374999 0.48875916875 0.5259776078125 0.5032644765625001 0.5212448921874999 0.5148958765625 0.5198167359375 0.5417986109374999 0.4771576421875 0.5156032265625 0.44544571250000004 0.4831747671875 0.44844352968749995 0.4791191140625 0.44746565625 0.462496721875 0.450982475 0.44298283281249995 0.4843712125 0.43109581406249997 0.5104281625 0.4318015078125 0.5108334625000001 0.44087330312499995 0.525953875 0.4515861296875 0.5384130546875 0.45787788125000006 0.541576109375 0.47849641875 0.5385525234374999
30 0.40764693750000003 0.4690319890625 0.39376184687500004 0.4948423234375 0.393999871875 0.496780890625 0.3948245796875 0.4981554734375 0.42319738593749995 0.49417978281249997 0.4254846078125 0.49143920625000004 0.40764693750000003 0.4690319890625
28 0.48748273124999997 0.5743452546875 0.49490510624999995 0.5867165015625 0.5189239 0.616727890625 0.5242124234375 0.6170624390625 0.56579815625 0.608512715625 0.56885058125 0.6066620796875 0.587207871875 0.5852221109375 0.591425278125 0.5768331078125 0.54086244375 0.5176123375 0.5038511578125 0.5206809078125 0.49328249218750003 0.5254222140625 0.48934585156250004 0.525413625 0.48213552656249997 0.5361379046875 0.482552071875 0.539530396875 0.49414911406249995 0.5538488 0.49462516562500003 0.5577259328124999 0.4863604890625 0.5705474640625 0.48748273124999997 0.5743452546875
27 0.4626635515625 0.5965786453125 0.4571881234375 0.589379771875 0.395630040625 0.6008737390625 0.39592757343749996 0.6032969484375 0.40576456875 0.619307303125 0.4078221484375 0.620038559375 0.4525793203125 0.610607484375 0.4626635515625 0.5965786453125
31 0.4616092 0.5986758953125 0.45375268437500005 0.6094795171875 0.45516407656249996 0.6102901171874999 0.46932072500000005 0.60805995 0.46701673593750004 0.5999797265625 0.464134446875 0.5978738859375 0.4616092 0.5986758953125
31 0.5529782812499999 0.525471715625 0.5594317859375 0.5192678953125001 0.5659959234375 0.50862295625 0.597302140625 0.5018273484375 0.5845317328124999 0.48863691249999996 0.5842342 0.48621370312499995 0.5941994171875 0.4712155796875 0.593663859375 0.4668538046875 0.5653002640625 0.438851734375 0.51818798125 0.44512834375 0.5178988312499999 0.44811553593750003 0.5397921546875 0.4715006265625 0.5424448 0.47707829999999996 0.517004578125 0.515622234375 0.5171235921874999 0.5165915171875 0.5187135031250001 0.5188560421874999 0.5413301140625 0.5160790703125 0.547392221875 0.522713959375 0.5529782812499999 0.525471715625
32 0.41449857031250004 0.53017618125 0.43705567500000003 0.52691456875 0.43805052031249997 0.5243326765625 0.42968442187500006 0.5096175640625 0.4375920609375 0.4938881828125 0.43482878593749996 0.4927516265625 0.422432184375 0.493289840625 0.3643346890625 0.5009152640625001 0.361341771875 0.5032505406250001 0.3532044890625 0.52245175625 0.353442515625 0.524390321875 0.3751321703125 0.5300902859375001 0.3794769734375 0.5280809671875 0.398803134375 0.5252160640625 0.41449857031250004 0.53017618125