5 0.6184895828125 0.35546875 0.5872395828125 0.35546875 0.58203125 0.357421875 0.5338541671875 0.4052734375 0.53515625 0.416015625 0.5546875 0.4755859375 0.55859375 0.478515625 0.5794270828125 0.478515625 0.58203125 0.48046875 0.5950520828125 0.4765625 0.5963541671875 0.4697265625 0.5729166671875 0.4306640625 0.5729166671875 0.4169921875 0.59375 0.3916015625 0.625 0.3642578125 0.6223958328125 0.3583984375 0.6184895828125 0.35546875
5 0.64453125 0.572265625 0.6484375 0.5693359375 0.6458333328125 0.5654296875 0.6484375 0.5556640625 0.6302083328125 0.5244140625 0.6263020828125 0.521484375 0.6106770828125 0.51953125 0.6028645828125 0.51171875 0.59765625 0.51171875 0.5859375 0.5185546875 0.5859375 0.5224609375 0.5794270828125 0.529296875 0.5481770828125 0.529296875 0.5416666671875 0.5244140625 0.5390625 0.5166015625 0.5299479171875 0.515625 0.5234375 0.5205078125 0.5182291671875 0.5302734375 0.51171875 0.53515625 0.5065104171875 0.53515625 0.4674479171875 0.51953125 0.42578125 0.517578125 0.4166666671875 0.5224609375 0.4140625 0.5283203125 0.4036458328125 0.5361328125 0.3958333328125 0.5478515625 0.3776041671875 0.5654296875 0.3763020828125 0.5703125 0.3958333328125 0.5966796875 0.4375 0.6435546875 0.4479166671875 0.6513671875 0.5260416671875 0.7412109375 0.5403645828125 0.75 0.56640625 0.755859375 0.5755208328125 0.7490234375 0.6041666671875 0.7060546875 0.59375 0.6201171875 0.625 0.5771484375 0.6315104171875 0.572265625 0.64453125 0.572265625
7 0.4700520828125 0.423828125 0.4596354171875 0.427734375 0.4466145828125 0.427734375 0.4388020828125 0.435546875 0.4309895828125 0.4375 0.4114583328125 0.4150390625 0.4114583328125 0.4091796875 0.43359375 0.392578125 0.4440104171875 0.400390625 0.4505208328125 0.3974609375 0.4296875 0.3681640625 0.4231770828125 0.36328125 0.3971354171875 0.3671875 0.3723958328125 0.3857421875 0.36328125 0.3984375 0.3723958328125 0.4130859375 0.3932291671875 0.4345703125 0.4583333328125 0.5146484375 0.48046875 0.525390625 0.5013020828125 0.53125 0.5026041671875 0.5263671875 0.4947916671875 0.5185546875 0.4973958328125 0.5126953125 0.51171875 0.498046875 0.5247395828125 0.5 0.5260416671875 0.4951171875 0.4700520828125 0.423828125
8 0.5078125 0.5283203125 0.5078125 0.5322265625 0.5143229171875 0.533203125 0.5104166671875 0.5263671875 0.5169270828125 0.52734375 0.5260416671875 0.5224609375 0.53125 0.5146484375 0.53125 0.5087890625 0.5143229171875 0.498046875 0.4973958328125 0.5146484375 0.4986979171875 0.51953125 0.5078125 0.5283203125
4 0.3736979171875 0.490234375 0.41015625 0.48828125 0.4231770828125 0.490234375 0.44140625 0.5 0.4427083328125 0.4970703125 0.4270833328125 0.4755859375 0.3619791671875 0.3994140625 0.3645833328125 0.3916015625 0.40625 0.3623046875 0.3984375 0.3505859375 0.3919270828125 0.345703125 0.3763020828125 0.34765625 0.1588541671875 0.5166015625 0.1432291671875 0.5302734375 0.14453125 0.53515625 0.21354166718749998 0.5966796875 0.22786458281250002 0.607421875 0.23307291718749998 0.607421875 0.24348958281250002 0.599609375 0.2591145828125 0.59375 0.2877604171875 0.591796875 0.2942708328125 0.5888671875 0.3385416671875 0.5439453125 0.3385416671875 0.5302734375 0.34375 0.5146484375 0.3606770828125 0.49609375 0.3736979171875 0.490234375
8 0.4466145828125 0.427734375 0.4622395828125 0.427734375 0.4713541671875 0.4208984375 0.46875 0.4033203125 0.46484375 0.400390625 0.4440104171875 0.400390625 0.4361979171875 0.390625 0.4166666671875 0.4033203125 0.41015625 0.412109375 0.4309895828125 0.439453125 0.4466145828125 0.427734375
6 0.390625 0.5947265625 0.390625 0.5888671875 0.375 0.5732421875 0.375 0.5673828125 0.3802083328125 0.5595703125 0.3932291671875 0.5478515625 0.3854166671875 0.5341796875 0.41015625 0.51171875 0.41796875 0.517578125 0.4231770828125 0.515625 0.44140625 0.517578125 0.4453125 0.5146484375 0.4453125 0.5087890625 0.4375 0.4990234375 0.41796875 0.490234375 0.3763020828125 0.490234375 0.3658854171875 0.494140625 0.3515625 0.5048828125 0.34375 0.5166015625 0.3385416671875 0.5458984375 0.3203125 0.5615234375 0.2942708328125 0.5908203125 0.26171875 0.59375 0.24088541718749998 0.6015625 0.21875 0.6201171875 0.20572916718749998 0.6435546875 0.20442708281250002 0.669921875 0.20572916718749998 0.6787109375 0.21354166718749998 0.6923828125 0.22786458281250002 0.703125 0.24088541718749998 0.708984375 0.2721354171875 0.716796875 0.2903645828125 0.716796875 0.30859375 0.712890625 0.3268229171875 0.703125 0.3463541671875 0.6845703125 0.3567708328125 0.6689453125 0.359375 0.6298828125 0.390625 0.5947265625
8 0.3684895828125 0.638671875 0.3619791671875 0.6455078125 0.3619791671875 0.6533203125 0.3541666671875 0.6708984375 0.35546875 0.67578125 0.36328125 0.6796875 0.39453125 0.68359375 0.4075520828125 0.6875 0.4153645828125 0.681640625 0.41796875 0.68359375 0.4309895828125 0.68359375 0.4401041671875 0.6748046875 0.4401041671875 0.6611328125 0.4309895828125 0.654296875 0.42578125 0.654296875 0.4205729171875 0.6484375 0.3684895828125 0.638671875
8 0.22135416718749998 0.5263671875 0.21354166718749998 0.5419921875 0.21484375 0.548828125 0.24869791718749998 0.556640625 0.2825520828125 0.55859375 0.2877604171875 0.552734375 0.30078125 0.55078125 0.3098958328125 0.5439453125 0.3125 0.5322265625 0.3098958328125 0.5263671875 0.2981770828125 0.51953125 0.2591145828125 0.509765625 0.23046875 0.5078125 0.22395833281250002 0.5126953125 0.22135416718749998 0.5263671875
8 0.4192708328125 0.5166015625 0.4127604171875 0.51171875 0.4075520828125 0.51171875 0.3854166671875 0.5322265625 0.38671875 0.5390625 0.39453125 0.544921875 0.4010416671875 0.5419921875 0.4192708328125 0.5224609375 0.4192708328125 0.5166015625
4 0.3372395828125 0.69921875 0.3658854171875 0.72265625 0.3736979171875 0.724609375 0.40625 0.6884765625 0.35546875 0.677734375 0.3463541671875 0.6845703125 0.3372395828125 0.69921875
4 0.3997395828125 0.642578125 0.4075520828125 0.646484375 0.4205729171875 0.6484375 0.4309895828125 0.654296875 0.4401041671875 0.6494140625 0.4375 0.6435546875 0.39453125 0.59765625 0.3828125 0.6044921875 0.3671875 0.6220703125 0.3619791671875 0.6298828125 0.36328125 0.63671875 0.3997395828125 0.642578125