5 0.48046875 0.41796875 0.4765625 0.4049479171875 0.4697265625 0.4036458328125 0.4306640625 0.4270833328125 0.4169921875 0.4270833328125 0.3916015625 0.40625 0.3642578125 0.375 0.3583984375 0.3776041671875 0.35546875 0.3815104171875 0.35546875 0.4127604171875 0.357421875 0.41796875 0.4052734375 0.4661458328125 0.416015625 0.46484375 0.4755859375 0.4453125 0.478515625 0.44140625 0.478515625 0.4205729171875 0.48046875 0.41796875
5 0.7412109375 0.4739583328125 0.75 0.4596354171875 0.755859375 0.43359375 0.7490234375 0.4244791671875 0.7060546875 0.3958333328125 0.6201171875 0.40625 0.5771484375 0.375 0.572265625 0.3684895828125 0.572265625 0.35546875 0.5693359375 0.3515625 0.5654296875 0.3541666671875 0.5556640625 0.3515625 0.5244140625 0.3697916671875 0.521484375 0.3736979171875 0.51953125 0.3893229171875 0.51171875 0.3971354171875 0.51171875 0.40234375 0.5185546875 0.4140625 0.5224609375 0.4140625 0.529296875 0.4205729171875 0.529296875 0.4518229171875 0.5244140625 0.4583333328125 0.5166015625 0.4609375 0.515625 0.4700520828125 0.5205078125 0.4765625 0.5302734375 0.4817708328125 0.53515625 0.48828125 0.53515625 0.4934895828125 0.51953125 0.5325520828125 0.517578125 0.57421875 0.5224609375 0.5833333328125 0.5283203125 0.5859375 0.5361328125 0.5963541671875 0.5478515625 0.6041666671875 0.5654296875 0.6223958328125 0.5703125 0.6236979171875 0.5966796875 0.6041666671875 0.6435546875 0.5625 0.6513671875 0.5520833328125 0.7412109375 0.4739583328125
7 0.525390625 0.51953125 0.53125 0.4986979171875 0.5263671875 0.4973958328125 0.5185546875 0.5052083328125 0.5126953125 0.5026041671875 0.498046875 0.48828125 0.5 0.4752604171875 0.4951171875 0.4739583328125 0.423828125 0.5299479171875 0.427734375 0.5403645828125 0.427734375 0.5533854171875 0.435546875 0.5611979171875 0.4375 0.5690104171875 0.4150390625 0.5885416671875 0.4091796875 0.5885416671875 0.392578125 0.56640625 0.400390625 0.5559895828125 0.3974609375 0.5494791671875 0.3681640625 0.5703125 0.36328125 0.5768229171875 0.3671875 0.6028645828125 0.3857421875 0.6276041671875 0.3984375 0.63671875 0.4130859375 0.6276041671875 0.4345703125 0.6067708328125 0.5146484375 0.5416666671875 0.525390625 0.51953125
8 0.5263671875 0.4895833328125 0.52734375 0.4830729171875 0.5224609375 0.4739583328125 0.5146484375 0.46875 0.5087890625 0.46875 0.498046875 0.4856770828125 0.5146484375 0.5026041671875 0.51953125 0.5013020828125 0.5283203125 0.4921875 0.5322265625 0.4921875 0.533203125 0.4856770828125 0.5263671875 0.4895833328125
4 0.599609375 0.7565104171875 0.59375 0.7408854171875 0.591796875 0.7122395828125 0.5888671875 0.7057291671875 0.5439453125 0.6614583328125 0.5302734375 0.6614583328125 0.5146484375 0.65625 0.49609375 0.6393229171875 0.490234375 0.6263020828125 0.48828125 0.58984375 0.490234375 0.5768229171875 0.5 0.55859375 0.4970703125 0.5572916671875 0.4755859375 0.5729166671875 0.3994140625 0.6380208328125 0.3916015625 0.6354166671875 0.3623046875 0.59375 0.3505859375 0.6015625 0.345703125 0.6080729171875 0.34765625 0.6236979171875 0.5166015625 0.8411458328125001 0.5302734375 0.8567708328125001 0.53515625 0.85546875 0.5966796875 0.7864583328125 0.607421875 0.7721354171875 0.607421875 0.7669270828125 0.599609375 0.7565104171875
8 0.4208984375 0.5286458328125 0.4033203125 0.53125 0.400390625 0.53515625 0.400390625 0.5559895828125 0.390625 0.5638020828125 0.4033203125 0.5833333328125 0.412109375 0.58984375 0.439453125 0.5690104171875 0.427734375 0.5533854171875 0.427734375 0.5377604171875 0.4208984375 0.5286458328125
6 0.708984375 0.7591145828125 0.716796875 0.7278645828125 0.716796875 0.7096354171875 0.712890625 0.69140625 0.703125 0.6731770828125 0.6845703125 0.6536458328125 0.6689453125 0.6432291671875 0.6298828125 0.640625 0.5947265625 0.609375 0.5888671875 0.609375 0.5732421875 0.625 0.5673828125 0.625 0.5595703125 0.6197916671875 0.5478515625 0.6067708328125 0.5341796875 0.6145833328125 0.51171875 0.58984375 0.517578125 0.58203125 0.515625 0.5768229171875 0.517578125 0.55859375 0.5146484375 0.5546875 0.5087890625 0.5546875 0.4990234375 0.5625 0.490234375 0.58203125 0.490234375 0.6236979171875 0.494140625 0.6341145828125 0.5048828125 0.6484375 0.5166015625 0.65625 0.5458984375 0.6614583328125 0.5615234375 0.6796875 0.5908203125 0.7057291671875 0.59375 0.73828125 0.6015625 0.7591145828125 0.6201171875 0.78125 0.6435546875 0.7942708328125 0.669921875 0.7955729171875 0.6787109375 0.7942708328125 0.6923828125 0.7864583328125 0.703125 0.7721354171875 0.708984375 0.7591145828125
8 0.681640625 0.5846354171875 0.68359375 0.58203125 0.68359375 0.5690104171875 0.6748046875 0.5598958328125 0.6611328125 0.5598958328125 0.654296875 0.5690104171875 0.654296875 0.57421875 0.6484375 0.5794270828125 0.638671875 0.6315104171875 0.6455078125 0.6380208328125 0.6533203125 0.6380208328125 0.6708984375 0.6458333328125 0.67578125 0.64453125 0.6796875 0.63671875 0.68359375 0.60546875 0.6875 0.5924479171875 0.681640625 0.5846354171875
8 0.55078125 0.69921875 0.5439453125 0.6901041671875 0.5322265625 0.6875 0.5263671875 0.6901041671875 0.51953125 0.7018229171875 0.509765625 0.7408854171875 0.5078125 0.76953125 0.5126953125 0.7760416671875 0.5263671875 0.7786458328125 0.5419921875 0.7864583328125 0.548828125 0.78515625 0.556640625 0.7513020828125 0.55859375 0.7174479171875 0.552734375 0.7122395828125 0.55078125 0.69921875
8 0.5166015625 0.5807291671875 0.51171875 0.5872395828125 0.51171875 0.5924479171875 0.5322265625 0.6145833328125 0.5390625 0.61328125 0.544921875 0.60546875 0.5419921875 0.5989583328125 0.5224609375 0.5807291671875 0.5166015625 0.5807291671875
4 0.677734375 0.64453125 0.6845703125 0.6536458328125 0.69921875 0.6627604171875 0.72265625 0.6341145828125 0.724609375 0.6263020828125 0.6884765625 0.59375 0.677734375 0.64453125
4 0.654296875 0.5690104171875 0.6494140625 0.5598958328125 0.6435546875 0.5625 0.59765625 0.60546875 0.6044921875 0.6171875 0.6220703125 0.6328125 0.6298828125 0.6380208328125 0.63671875 0.63671875 0.642578125 0.6002604171875 0.646484375 0.5924479171875 0.6484375 0.5794270828125 0.654296875 0.5690104171875