29 0.335749846875 0.5834213984375001 0.34212895 0.584811003125 0.5365966109375 0.5904461359375001 0.5574659140625 0.5869690859375 0.5623865875 0.5847021625 0.56608580625 0.5817704953125 0.5690392578125001 0.574789378125 0.578439765625 0.568714334375 0.5810534390625001 0.5641508640625 0.5702659484375 0.5473493046875 0.5466836578125001 0.5420627109375 0.5392538609375 0.534115403125 0.5367098875 0.528827071875 0.5308064765625 0.5240527625 0.49270087812499996 0.51919045 0.463994046875 0.5176213671875 0.454492478125 0.5197375671875 0.402440325 0.5158736734375 0.39945377031249996 0.5184124203125 0.40114916875000006 0.52506073125 0.3998249078125 0.5298054171875 0.3861815359375 0.5426803625 0.381328815625 0.54446375625 0.35347055625 0.54153469375 0.3510956015625 0.539721675 0.3510624953125 0.535279303125 0.3471263046875 0.5352191890625 0.33691381875 0.5283600390625 0.331756171875 0.5276351781249999 0.320895490625 0.539421965625 0.3206916234375 0.540872553125 0.331273503125 0.5684929734375 0.331102740625 0.5743859328124999 0.33408755156250003 0.5812154578125 0.335749846875 0.5834213984375001
28 0.549171890625 0.482256665625 0.55185351875 0.47720966562499995 0.55684215 0.47445921249999995 0.5716059171875 0.45829016874999995 0.5788684421875 0.45339389218750004 0.5794120859375 0.4495256578125 0.573543525 0.439825446875 0.5705238625 0.437921821875 0.5286859421875 0.43154880625 0.5190815671875 0.43907443593749995 0.5026206546875 0.45796344062500005 0.5024167875 0.459414028125 0.5109983390624999 0.47787788124999997 0.5159852234375 0.4844957015625 0.5389907640625 0.48920815937500006 0.549171890625 0.482256665625
28 0.5698860859375 0.5827976687499999 0.5970909125 0.6324774859375 0.6124958953124999 0.6351355953125 0.6446980796874999 0.6352235984375 0.6786008984375 0.6138550953124999 0.6799251609375 0.609110409375 0.6736837140625 0.597385475 0.634163265625 0.537099371875 0.5927661859375 0.5322675515624999 0.5739651671875 0.5444176374999999 0.5734894765624999 0.5478023421875 0.5824108078125 0.56384855 0.5804418390625 0.568502628125 0.5701248015625 0.57642118125 0.5698860859375 0.5827976687499999
30 0.5029935375 0.459988165625 0.498989390625 0.460411578125 0.4812390671875 0.4791193671875 0.48110315625 0.4800864265625 0.48469956875 0.4825641890625 0.5099110484375 0.4856143515625 0.51462785625 0.484798015625 0.5029935375 0.459988165625
30 0.6450378578125 0.6328059515625 0.6412375781249999 0.6317787781249999 0.63489158125 0.6348315453125 0.5997376921875001 0.6323563875 0.5893230828125 0.617579553125 0.56900440625 0.579715278125 0.5519684890625001 0.5886618734375 0.5366645671875 0.5899626062500001 0.533678009375 0.5925013531250001 0.533066409375 0.596853115625 0.5661398 0.65623314375 0.6133061265624999 0.6574380609375 0.64456216875 0.6361906578125 0.6450378578125 0.6328059515625
32 0.669993221875 0.55347578125 0.67576246875 0.5498488765625 0.6837045500000001 0.54011730625 0.6785486484375001 0.530024175 0.671524840625 0.5285439625 0.6648390656250001 0.5340143765625001 0.6535723953125 0.5393340671875 0.6390159843750001 0.535315978125 0.6342991765625 0.5361323140625001 0.634875928125 0.53670645 0.6511590984375 0.5611834953125 0.6781008296875 0.56595606875 0.6799687375000001 0.5573431484375 0.669993221875 0.55347578125
32 0.46592816406250004 0.5178931890625 0.486830571875 0.5188585125 0.5301617703125 0.5239621546875 0.5331483265625 0.521423409375 0.5255843640625 0.5050748875 0.538142190625 0.4905681390625 0.5358351921875 0.48827159218749994 0.51462785625 0.484798015625 0.45002136718749997 0.47670432500000004 0.44347150312499994 0.48120768125 0.42395607812499997 0.503118959375 0.42368425624999995 0.505053078125 0.4281274953125 0.51553913125 0.43185981875 0.5170498343750001 0.4577839609375 0.5197070765625 0.46592816406250004 0.5178931890625
31 0.5417507671874999 0.609907540625 0.535509321875 0.5981826046875 0.5317090421875 0.59715543125 0.515486846875 0.6096679453125 0.5153509359374999 0.6106350046875 0.5210173765625 0.61241753125 0.53669418125 0.613141521875 0.5407662828124999 0.6122345796875 0.5417507671874999 0.609907540625
31 0.675156103125 0.526095825 0.677057115625 0.521925275 0.698980603125 0.5062693859375 0.7021030703125 0.50276358125 0.700712596875 0.4986235234375 0.6762869703125001 0.46659209375 0.6317343156249999 0.46082370624999996 0.6538180921875 0.495484490625 0.6532064921875 0.4998362546875 0.6485907453124999 0.5046114312500001 0.65534273125 0.5080257609375 0.65530788125 0.5129516609375 0.653101940625 0.5146139562500001 0.6498784125 0.51416091875 0.6464858671875 0.51023256875 0.6478101296875 0.5054878828125 0.6444506890625 0.5060019046875001 0.6104450640625 0.5327798375 0.6115985640625 0.5339281109375 0.6541491453125 0.5399082046875 0.66572074375 0.5370967671875 0.6704392968749999 0.5269121609375 0.675156103125 0.526095825
27 0.5147741859375 0.6100608671875001 0.5310643359375 0.5970648234375 0.5323885984375 0.5923201375 0.5084665296875001 0.5894511890625 0.46452373125 0.5886993109375 0.46031571875 0.5905733125 0.4602477625 0.5910568421875 0.46716701875 0.60731475625 0.47018668124999996 0.60921838125 0.5061211875 0.6108170875 0.5147741859375 0.6100608671875001
27 0.58241604375 0.5357437328125 0.5908320687499999 0.5319957296875 0.6125150921875 0.5320846 0.6519170812499999 0.4996550390625 0.6531733875 0.49539388281249996 0.6304449046875 0.460642490625 0.5797170140625 0.45203391093749995 0.5654289359375 0.46481824843749997 0.5612888796875 0.466208721875 0.557113971875 0.47252509531250003 0.553618621875 0.474006175 0.5523623140625 0.47826733125 0.547305728125 0.4815013125 0.5440142453125001 0.4815318046875 0.5393636484375001 0.491232884375 0.5271455984375 0.5033219843750001 0.5267378640625 0.5062231609375 0.5337250765625 0.5219975453125001 0.5468195687499999 0.5410956515625001 0.5712504328125 0.545022265625 0.58241604375 0.5357437328125