29 0.5556640625 0.357421875 0.56005859375 0.3580729171875 0.5615234375 0.3606770828125 0.560546875 0.388671875 0.55810546875 0.3932291671875 0.54345703125 0.4049479171875 0.53857421875 0.4055989578125 0.5322265625 0.4029947921875 0.529296875 0.4055989578125 0.52587890625 0.4576822921875 0.5224609375 0.466796875 0.52001953125 0.4954427078125 0.51953125 0.5338541671875 0.5234375 0.5403645828125 0.5283203125 0.5436197921875 0.53515625 0.5520833328125 0.537109375 0.576171875 0.55224609375 0.5891927078125 0.55712890625 0.5872395828125 0.564453125 0.5787760421875 0.57177734375 0.5768229171875 0.5751953125 0.5735677078125 0.578125 0.5690104171875 0.58447265625 0.548828125 0.60595703125 0.35546875 0.60546875 0.3489583328125 0.603515625 0.3470052078125 0.59716796875 0.3430989578125 0.59130859375 0.3424479171875 0.5654296875 0.328125 0.56396484375 0.328125 0.55078125 0.3372395828125 0.55078125 0.3424479171875 0.55615234375 0.353515625 0.5556640625 0.357421875
28 0.43017578125 0.564453125 0.43896484375 0.5716145828125 0.44287109375 0.5716145828125 0.44873046875 0.5651041671875 0.466796875 0.552734375 0.47021484375 0.5481770828125 0.4755859375 0.5462239578125 0.48388671875 0.537109375 0.482421875 0.513671875 0.4765625 0.5078125 0.45947265625 0.4967447921875 0.4580078125 0.4967447921875 0.43701171875 0.5104166671875 0.42822265625 0.5188802078125 0.4287109375 0.5611979171875 0.43017578125 0.564453125
28 0.5830078125 0.693359375 0.587890625 0.6927083328125 0.61376953125 0.662109375 0.6181640625 0.6302083328125 0.61767578125 0.6145833328125 0.572265625 0.5807291671875 0.56591796875 0.580078125 0.556640625 0.5891927078125 0.5517578125 0.5904947921875 0.537109375 0.5794270828125 0.53369140625 0.5794270828125 0.51904296875 0.5963541671875 0.51806640625 0.6380208328125 0.572265625 0.685546875 0.5830078125 0.693359375
30 0.484375 0.5078125 0.48486328125 0.482421875 0.48291015625 0.478515625 0.48193359375 0.478515625 0.4609375 0.4934895828125 0.4599609375 0.4973958328125 0.48291015625 0.5123697921875 0.484375 0.5078125
30 0.60400390625 0.6048177078125 0.6171875 0.6171875 0.61474609375 0.65234375 0.61083984375 0.658203125 0.611328125 0.662109375 0.61474609375 0.662109375 0.64013671875 0.6341145828125 0.6455078125 0.5872395828125 0.59130859375 0.5462239578125 0.5869140625 0.5462239578125 0.583984375 0.548828125 0.58056640625 0.5638020828125 0.5693359375 0.5794270828125 0.60400390625 0.6048177078125
32 0.50439453125 0.673828125 0.5048828125 0.6809895828125 0.51416015625 0.6875 0.52490234375 0.6809895828125 0.529296875 0.67578125 0.53173828125 0.6861979171875 0.54052734375 0.685546875 0.53955078125 0.658203125 0.517578125 0.638671875 0.51708984375 0.6380208328125 0.515625 0.642578125 0.517578125 0.6575520828125 0.5107421875 0.66796875 0.50439453125 0.673828125
32 0.4833984375 0.5338541671875 0.4853515625 0.5364583328125 0.50146484375 0.5260416671875 0.5166015625 0.5358072921875 0.51953125 0.533203125 0.5205078125 0.4895833328125 0.5224609375 0.46875 0.525390625 0.4609375 0.5263671875 0.4348958328125 0.525390625 0.4309895828125 0.515625 0.4251302078125 0.513671875 0.4251302078125 0.4892578125 0.44140625 0.48388671875 0.447265625 0.48291015625 0.5123697921875 0.4833984375 0.5338541671875
31 0.60546875 0.5559895828125 0.60693359375 0.5520833328125 0.6083984375 0.5364583328125 0.607421875 0.5305989578125 0.6064453125 0.5305989578125 0.591796875 0.544921875 0.59228515625 0.548828125 0.60302734375 0.556640625 0.60546875 0.5559895828125
31 0.4931640625 0.650390625 0.4931640625 0.6536458328125 0.4912109375 0.6555989578125 0.486328125 0.6549479171875 0.48388671875 0.6477864578125 0.478515625 0.6516927078125 0.47412109375 0.6516927078125 0.44287109375 0.625 0.4423828125 0.669921875 0.470703125 0.6985677078125 0.474609375 0.7005208328125 0.478515625 0.6979166671875 0.4970703125 0.6783854171875 0.50146484375 0.6770833328125 0.5029296875 0.6725260421875 0.513671875 0.6692708328125 0.51806640625 0.658203125 0.51806640625 0.615234375 0.51708984375 0.6139322921875 0.48583984375 0.6438802078125 0.48486328125 0.6471354171875 0.48974609375 0.646484375 0.4931640625 0.650390625
27 0.591796875 0.5442708328125 0.60693359375 0.5299479171875 0.60888671875 0.521484375 0.6123046875 0.4856770828125 0.61083984375 0.482421875 0.595703125 0.4733072921875 0.59521484375 0.4733072921875 0.5927734375 0.4772135421875 0.58740234375 0.5208333328125 0.5869140625 0.544921875 0.591796875 0.5442708328125
27 0.47119140625 0.548828125 0.466796875 0.5494791671875 0.46484375 0.552734375 0.4580078125 0.5559895828125 0.4560546875 0.5598958328125 0.44140625 0.572265625 0.44287109375 0.6236979171875 0.47412109375 0.6510416671875 0.478515625 0.650390625 0.51611328125 0.6158854171875 0.51904296875 0.5944010421875 0.52392578125 0.5865885421875 0.53466796875 0.5768229171875 0.5341796875 0.5520833328125 0.51708984375 0.5364583328125 0.50244140625 0.52734375 0.49951171875 0.52734375 0.48583984375 0.5377604171875 0.4755859375 0.541015625 0.47509765625 0.5442708328125 0.47119140625 0.548828125