29 0.5352339828125 0.5202670734375 0.5258011765624999 0.511313475 0.502977478125 0.510644759375 0.49472358125 0.5167959390625 0.481108059375 0.5373031375 0.4799601375 0.5417404328125001 0.5028148234375001 0.561951221875 0.5165124515625 0.5624500484375 0.5277128390625 0.5474015546875 0.5412261140625 0.5239664546875 0.5412090734375 0.5234784703125 0.5352339828125 0.5202670734375
29 0.6239881734375 0.562116965625 0.629295578125 0.5648631 0.70747523125 0.5650644796875001 0.7106262109375 0.562022971875 0.7226507484375 0.5332654906250001 0.7232843515625 0.5327547859374999 0.7184060624999999 0.523642140625 0.7021771140624999 0.5066200281250001 0.6422836843749999 0.5077343953125 0.6359135609375001 0.511865475 0.6284807171875 0.522873771875 0.6044750125 0.525666384375 0.5957579187500001 0.53720810625 0.595294721875 0.54259865 0.607432353125 0.554389265625 0.6133733625 0.5566246953125 0.614810978125 0.560483125 0.6239881734375 0.562116965625
28 0.6595676015625 0.46169299218750004 0.663832421875 0.45323822031249994 0.66381538125 0.4527502359375 0.6447282421875 0.4284992515625 0.6050729734375 0.4308612015625 0.6018708703125 0.4324387578125 0.5957563578125 0.4438895953125 0.59777645625 0.44577336718750005 0.6022628078125 0.44366238437499994 0.610223915625 0.4477815875 0.6347377484375001 0.47819459374999995 0.6483672125 0.476741484375 0.6522029203125 0.47465322343749994 0.6597209687500001 0.46608484531250005 0.6595676015625 0.46169299218750004
30 0.6815501109375 0.47558271249999995 0.664534190625 0.45467945 0.651637478125 0.4771158625 0.68091650625 0.47609341718750003 0.6815501109375 0.47558271249999995
30 0.627854865625 0.5795707765625 0.632651046875 0.567677396875 0.63263400625 0.5671894140625 0.62532354375 0.563047490625 0.6181153265625 0.5618334703125 0.610051975 0.5547863656249999 0.60481273125 0.5539921671875 0.6012155953125 0.5629122015625 0.5802694765624999 0.5973555984375001 0.5457000828125 0.59611989375 0.5397590734375 0.5938844640625 0.5405630859375 0.598253596875 0.5627160046874999 0.6170231546875 0.604493615625 0.6194728796875 0.627854865625 0.5795707765625
28 0.5945588734375 0.5401814515625001 0.6044579718749999 0.5251784015625 0.60444093125 0.5246904171875 0.6009661765625001 0.5184602328125 0.5929028234375 0.511413128125 0.5818077749999999 0.51082341875 0.5487100796875 0.514422109375 0.51226466875 0.571392803125 0.5371905765625 0.594951315625 0.5750643156249999 0.5975373671875001 0.581536684375 0.5963341890625 0.604247290625 0.55645480625 0.604110965625 0.5525509359375 0.5959964906249999 0.5440398796875 0.5945588734375 0.5401814515625001
27 0.6364867546874999 0.5655891359375 0.6320685671875 0.569652053125 0.631622409375 0.5755305796875 0.6411063375 0.5859481296875 0.6457290171875 0.5877410171874999 0.6842193203125 0.5893283796875 0.6874043828125 0.5872628390625 0.6965676328125 0.569842590625 0.696482428125 0.567402671875 0.6873052328125 0.56576883125 0.6364867546874999 0.5655891359375
27 0.59226921875 0.5119238328125 0.6043898078125001 0.523226465625 0.627830071875 0.5228964921875 0.6463269781250001 0.492935834375 0.6463099375 0.49244785 0.626452865625 0.46480370000000004 0.621077296875 0.4601056296875 0.6168837328125 0.45194623125 0.6062007609375 0.4445020265625 0.5989755 0.4428000234375 0.5619739359375 0.446535040625 0.55753870625 0.4501099734375 0.54087445 0.47658658281250005 0.543664478125 0.4818635203125 0.569360315625 0.5088151984375 0.57336643125 0.511606775 0.59226921875 0.5119238328125
31 0.5119161 0.5054468265625001 0.5093816828125 0.507489646875 0.5101004921875 0.5094188609375 0.5139361984375 0.5073306 0.5179423140625 0.5101221765624999 0.5257841359375 0.510825490625 0.538589453125 0.5230813703125 0.5424762828125 0.5224570609375 0.549309603125 0.5129354375 0.570746809375 0.511209675 0.570712728125 0.5102337078125 0.54090853125 0.47756255156250005 0.5420564546875 0.4731252546875 0.558138228125 0.4486233015625 0.5528989859375 0.44782910156250005 0.5158633406249999 0.4505881515625 0.495979940625 0.478154334375 0.49743459687499997 0.482500746875 0.508202775 0.49238487031249994 0.5103251171875 0.49719654531249996 0.5060602953125 0.505651315625 0.5086117531250001 0.5040964812500001 0.5119161 0.5054468265625001
32 0.51229409375 0.497616365625 0.5058898875 0.500771478125 0.500323775 0.5092716921875 0.5023438734375001 0.5111554640625 0.5257670953125 0.5103375078125 0.5276679078125001 0.5088053921875 0.5276338265625 0.507829425 0.5189879921875 0.5027569765625 0.5142460296875 0.4975482015625 0.51229409375 0.497616365625
32 0.7268303656249999 0.5223708 0.7358913703125001 0.5020226484375 0.7357891265625 0.4990947453125 0.7302431515625 0.48951683749999997 0.7166849453124999 0.4743557765625 0.6516204375 0.4766278796875 0.641877803125 0.477456678125 0.63870978125 0.480010203125 0.6401814781249999 0.4848445984375 0.6463099375 0.49244785 0.6397151875 0.508801246875 0.7022282359375 0.5080839796875 0.7164370875 0.5232223203124999 0.7217274515625001 0.5254804703125 0.7268303656249999 0.5223708
31 0.625954053125 0.581102890625 0.624857253125 0.5870041390625 0.6417910640625 0.5869013765625 0.64242466875 0.586390671875 0.6302870390625 0.5746000546875 0.625954053125 0.581102890625