5 0.7353515625 0.4505208328125 0.7001953125 0.4270833328125 0.6494140625 0.4401041671875 0.6337890625 0.4479166671875 0.6259765625 0.4479166671875 0.6142578125 0.4401041671875 0.580078125 0.4127604171875 0.58203125 0.40234375 0.59375 0.3841145828125 0.59765625 0.35546875 0.5927734375 0.3489583328125 0.5478515625 0.3177083328125 0.3955078125 0.4479166671875 0.39453125 0.48046875 0.41015625 0.4986979171875 0.408203125 0.5143229171875 0.4130859375 0.5182291671875 0.4208984375 0.5182291671875 0.421875 0.52734375 0.4287109375 0.5364583328125 0.4365234375 0.5260416671875 0.4462890625 0.5286458328125 0.5068359375 0.4921875 0.5126953125 0.4921875 0.5498046875 0.5234375 0.5625 0.5377604171875 0.5625 0.5481770828125 0.55859375 0.5559895828125 0.556640625 0.57421875 0.55078125 0.5950520828125 0.548828125 0.6263020828125 0.5673828125 0.6484375 0.5830078125 0.6614583328125 0.5947265625 0.6692708328125 0.599609375 0.66796875 0.736328125 0.4908854171875 0.7421875 0.4752604171875 0.744140625 0.4596354171875 0.7353515625 0.4505208328125
4 0.6103515625 0.6588541671875 0.5986328125 0.671875 0.5947265625 0.671875 0.5869140625 0.6640625 0.5654296875 0.6640625 0.560546875 0.66015625 0.55859375 0.6393229171875 0.548828125 0.6263020828125 0.548828125 0.6080729171875 0.556640625 0.5690104171875 0.556640625 0.5559895828125 0.5498046875 0.5494791671875 0.5400390625 0.546875 0.525390625 0.5299479171875 0.521484375 0.5221354171875 0.5185546875 0.5 0.5126953125 0.4947916671875 0.4931640625 0.5 0.4892578125 0.5052083328125 0.4638671875 0.5182291671875 0.4326171875 0.5416666671875 0.4033203125 0.515625 0.3935546875 0.5 0.376953125 0.5143229171875 0.37890625 0.5299479171875 0.3876953125 0.5416666671875 0.4150390625 0.5651041671875 0.4716796875 0.625 0.4853515625 0.6354166671875 0.5498046875 0.703125 0.5576171875 0.7083333328125 0.5751953125 0.7291666671875 0.5830078125 0.734375 0.58984375 0.7330729171875 0.625 0.6861979171875 0.625 0.6809895828125 0.6171875 0.6731770828125 0.6103515625 0.6588541671875
4 0.6083984375 0.6614583328125 0.5986328125 0.671875 0.5947265625 0.671875 0.5869140625 0.6640625 0.5654296875 0.6640625 0.560546875 0.6575520828125 0.560546875 0.6419270828125 0.548828125 0.6263020828125 0.548828125 0.60546875 0.556640625 0.5716145828125 0.556640625 0.5559895828125 0.5380859375 0.5442708328125 0.52734375 0.5325520828125 0.521484375 0.51953125 0.521484375 0.50390625 0.5166015625 0.4973958328125 0.5126953125 0.4947916671875 0.4970703125 0.4973958328125 0.4443359375 0.53125 0.4384765625 0.5390625 0.4248046875 0.5364583328125 0.3994140625 0.5104166671875 0.3935546875 0.5 0.376953125 0.5143229171875 0.37890625 0.5299479171875 0.3837890625 0.5364583328125 0.4287109375 0.578125 0.5791015625 0.7317708328125 0.5830078125 0.734375 0.58984375 0.7330729171875 0.625 0.6861979171875 0.625 0.6809895828125 0.6123046875 0.6614583328125 0.6083984375 0.6614583328125
6 0.521484375 0.5065104171875 0.521484375 0.5169270828125 0.525390625 0.52734375 0.5361328125 0.5416666671875 0.5537109375 0.5520833328125 0.560546875 0.55078125 0.5625 0.5377604171875 0.5595703125 0.5338541671875 0.5263671875 0.5052083328125 0.521484375 0.5065104171875
6 0.728515625 0.6158854171875 0.720703125 0.5924479171875 0.7041015625 0.5703125 0.6904296875 0.5598958328125 0.6845703125 0.5598958328125 0.654296875 0.6002604171875 0.6552734375 0.6041666671875 0.6689453125 0.6067708328125 0.685546875 0.62109375 0.69140625 0.6341145828125 0.6845703125 0.6432291671875 0.6591796875 0.640625 0.6376953125 0.6197916671875 0.61328125 0.65234375 0.61328125 0.6627604171875 0.6171875 0.6705729171875 0.6357421875 0.6901041671875 0.6650390625 0.703125 0.681640625 0.7018229171875 0.7001953125 0.6953125 0.716796875 0.67578125 0.728515625 0.63671875 0.728515625 0.6158854171875
7 0.396484375 0.5065104171875 0.4228515625 0.5338541671875 0.43359375 0.5403645828125 0.4404296875 0.5364583328125 0.4453125 0.52734375 0.3955078125 0.4817708328125 0.396484375 0.5065104171875
4 0.6162109375 0.4140625 0.5947265625 0.3958333328125 0.587890625 0.3971354171875 0.583984375 0.4075520828125 0.5869140625 0.4114583328125 0.5908203125 0.4088541671875 0.58984375 0.4127604171875 0.5966796875 0.4244791671875 0.6064453125 0.4296875 0.6123046875 0.4375 0.6220703125 0.4401041671875 0.6259765625 0.4453125 0.638671875 0.4440104171875 0.6435546875 0.4427083328125 0.646484375 0.4361979171875 0.6376953125 0.4270833328125 0.6162109375 0.4140625
4 0.5888671875 0.3932291671875 0.58203125 0.4049479171875 0.58203125 0.4127604171875 0.5966796875 0.4270833328125 0.6005859375 0.4270833328125 0.6259765625 0.4479166671875 0.634765625 0.4466145828125 0.6455078125 0.4427083328125 0.650390625 0.4361979171875 0.5927734375 0.3932291671875 0.5888671875 0.3932291671875
4 0.7294921875 0.5 0.69140625 0.55078125 0.69140625 0.55859375 0.6943359375 0.5625 0.7060546875 0.5703125 0.708984375 0.5690104171875 0.744140625 0.51953125 0.74609375 0.5091145828125 0.7412109375 0.5026041671875 0.7294921875 0.5
4 0.689453125 0.5533854171875 0.689453125 0.55859375 0.6962890625 0.5651041671875 0.7001953125 0.5651041671875 0.7041015625 0.5703125 0.7109375 0.5690104171875 0.748046875 0.51171875 0.7392578125 0.5 0.7314453125 0.4973958328125 0.689453125 0.5533854171875
4 0.642578125 0.6184895828125 0.6494140625 0.6328125 0.6533203125 0.6354166671875 0.662109375 0.6341145828125 0.67578125 0.6158854171875 0.6650390625 0.6067708328125 0.6513671875 0.6041666671875 0.642578125 0.6184895828125
8 0.560546875 0.6393229171875 0.5615234375 0.6640625 0.5859375 0.6627604171875 0.560546875 0.6393229171875