29 0.54833984375 0.3717447921875 0.5498046875 0.3743489578125 0.54931640625 0.3958333328125 0.54443359375 0.4036458328125 0.53955078125 0.4055989578125 0.5322265625 0.4127604171875 0.5283203125 0.4134114578125 0.52099609375 0.41015625 0.52001953125 0.4361979171875 0.52197265625 0.439453125 0.533203125 0.4459635421875 0.53662109375 0.4505208328125 0.53759765625 0.474609375 0.54833984375 0.4837239578125 0.556640625 0.4856770828125 0.56787109375 0.4765625 0.57373046875 0.4752604171875 0.57666015625 0.4700520828125 0.5810546875 0.466796875 0.58251953125 0.458984375 0.58740234375 0.451171875 0.58349609375 0.447265625 0.5830078125 0.4407552078125 0.5859375 0.41015625 0.5859375 0.37890625 0.587890625 0.3600260421875 0.552734375 0.3444010421875 0.55029296875 0.3444010421875 0.54638671875 0.345703125 0.5400390625 0.3528645828125 0.54443359375 0.3704427078125 0.54833984375 0.3717447921875
29 0.52099609375 0.6028645828125 0.54443359375 0.619140625 0.548828125 0.6204427078125 0.57177734375 0.595703125 0.57373046875 0.5755208328125 0.5703125 0.5716145828125 0.53369140625 0.548828125 0.53271484375 0.548828125 0.515625 0.5670572921875 0.513671875 0.580078125 0.513671875 0.595703125 0.52099609375 0.6028645828125
30 0.57373046875 0.4778645828125 0.60595703125 0.49609375 0.6181640625 0.505859375 0.619140625 0.509765625 0.61767578125 0.533203125 0.6142578125 0.5520833328125 0.619140625 0.55078125 0.638671875 0.5286458328125 0.64306640625 0.4817708328125 0.6064453125 0.4609375 0.595703125 0.4524739578125 0.5888671875 0.4524739578125 0.583984375 0.4498697921875 0.5830078125 0.4498697921875 0.5830078125 0.4557291671875 0.580078125 0.4654947921875 0.57470703125 0.4720052078125 0.57373046875 0.4778645828125
28 0.44677734375 0.486328125 0.4462890625 0.470703125 0.4501953125 0.4654947921875 0.4814453125 0.4440104171875 0.48486328125 0.4388020828125 0.482421875 0.42578125 0.4609375 0.412109375 0.4580078125 0.412109375 0.42919921875 0.431640625 0.43017578125 0.4778645828125 0.44287109375 0.4869791671875 0.44677734375 0.486328125
27 0.44677734375 0.4895833328125 0.44775390625 0.5221354171875 0.482421875 0.5442708328125 0.521484375 0.5123697921875 0.521484375 0.5006510421875 0.5244140625 0.4856770828125 0.53564453125 0.4739583328125 0.5361328125 0.453125 0.5322265625 0.447265625 0.5185546875 0.4381510421875 0.50244140625 0.4309895828125 0.501953125 0.4303385421875 0.4775390625 0.4453125 0.44677734375 0.46875 0.4453125 0.4856770828125 0.44677734375 0.4895833328125
30 0.4853515625 0.3958333328125 0.48388671875 0.3951822921875 0.48193359375 0.3951822921875 0.4580078125 0.412109375 0.482421875 0.4270833328125 0.48486328125 0.4244791671875 0.4853515625 0.3958333328125
28 0.5224609375 0.5384114578125 0.58740234375 0.5813802078125 0.59521484375 0.576171875 0.6142578125 0.5553385421875 0.61572265625 0.5520833328125 0.619140625 0.509765625 0.6181640625 0.5045572921875 0.58544921875 0.484375 0.572265625 0.478515625 0.568359375 0.4778645828125 0.556640625 0.4876302078125 0.552734375 0.4876302078125 0.537109375 0.4778645828125 0.53369140625 0.4778645828125 0.52392578125 0.486328125 0.5244140625 0.490234375 0.52099609375 0.5013020828125 0.5224609375 0.5384114578125
27 0.60791015625 0.3938802078125 0.60693359375 0.3919270828125 0.58984375 0.3841145828125 0.58740234375 0.3841145828125 0.58349609375 0.4466145828125 0.59130859375 0.451171875 0.60400390625 0.439453125 0.60791015625 0.3938802078125
31 0.603515625 0.4563802078125 0.60400390625 0.4420572921875 0.60302734375 0.4407552078125 0.59326171875 0.4498697921875 0.5927734375 0.4524739578125 0.59521484375 0.455078125 0.603515625 0.4563802078125
31 0.44775390625 0.5247395828125 0.447265625 0.572265625 0.478515625 0.5970052078125 0.48291015625 0.5970052078125 0.49658203125 0.5852864578125 0.4990234375 0.5852864578125 0.513671875 0.5963541671875 0.5166015625 0.564453125 0.5263671875 0.556640625 0.53173828125 0.5494791671875 0.5283203125 0.5442708328125 0.52099609375 0.5390625 0.52099609375 0.5162760421875 0.5185546875 0.5149739578125 0.517578125 0.5149739578125 0.482421875 0.544921875 0.4765625 0.54296875 0.45068359375 0.5240885421875 0.44775390625 0.5247395828125
32 0.48486328125 0.4361979171875 0.486328125 0.4388020828125 0.5009765625 0.4290364578125 0.5166015625 0.435546875 0.51904296875 0.4342447921875 0.51953125 0.4114583328125 0.5126953125 0.396484375 0.51318359375 0.376953125 0.5146484375 0.3723958328125 0.50634765625 0.3515625 0.50439453125 0.3515625 0.486328125 0.3619791671875 0.484375 0.365234375 0.48388671875 0.423828125 0.48486328125 0.4361979171875