29 0.4169921875 0.4407552078125 0.41650390625 0.447265625 0.41259765625 0.451171875 0.41748046875 0.458984375 0.4189453125 0.466796875 0.42333984375 0.4700520828125 0.42626953125 0.4752604171875 0.43212890625 0.4765625 0.443359375 0.4856770828125 0.45166015625 0.4837239578125 0.46240234375 0.474609375 0.46337890625 0.4505208328125 0.466796875 0.4459635421875 0.47802734375 0.439453125 0.47998046875 0.4361979171875 0.47900390625 0.41015625 0.4716796875 0.4134114578125 0.4677734375 0.4127604171875 0.46044921875 0.4055989578125 0.45556640625 0.4036458328125 0.45068359375 0.3958333328125 0.4501953125 0.3743489578125 0.45166015625 0.3717447921875 0.45556640625 0.3704427078125 0.4599609375 0.3528645828125 0.45361328125 0.345703125 0.44970703125 0.3444010421875 0.447265625 0.3444010421875 0.412109375 0.3600260421875 0.4140625 0.37890625 0.4140625 0.41015625 0.4169921875 0.4407552078125
29 0.451171875 0.6204427078125 0.45556640625 0.619140625 0.47900390625 0.6028645828125 0.486328125 0.595703125 0.486328125 0.580078125 0.484375 0.5670572921875 0.46728515625 0.548828125 0.46630859375 0.548828125 0.4296875 0.5716145828125 0.42626953125 0.5755208328125 0.42822265625 0.595703125 0.451171875 0.6204427078125
30 0.35693359375 0.4817708328125 0.361328125 0.5286458328125 0.380859375 0.55078125 0.3857421875 0.5520833328125 0.38232421875 0.533203125 0.380859375 0.509765625 0.3818359375 0.505859375 0.39404296875 0.49609375 0.42626953125 0.4778645828125 0.42529296875 0.4720052078125 0.419921875 0.4654947921875 0.4169921875 0.4557291671875 0.4169921875 0.4498697921875 0.416015625 0.4498697921875 0.4111328125 0.4524739578125 0.404296875 0.4524739578125 0.3935546875 0.4609375 0.35693359375 0.4817708328125
28 0.5498046875 0.4654947921875 0.5537109375 0.470703125 0.55322265625 0.486328125 0.55712890625 0.4869791671875 0.56982421875 0.4778645828125 0.57080078125 0.431640625 0.5419921875 0.412109375 0.5390625 0.412109375 0.517578125 0.42578125 0.51513671875 0.4388020828125 0.5185546875 0.4440104171875 0.5498046875 0.4654947921875
27 0.46435546875 0.4739583328125 0.4755859375 0.4856770828125 0.478515625 0.5006510421875 0.478515625 0.5123697921875 0.517578125 0.5442708328125 0.55224609375 0.5221354171875 0.55322265625 0.4895833328125 0.5546875 0.4856770828125 0.55322265625 0.46875 0.5224609375 0.4453125 0.498046875 0.4303385421875 0.49755859375 0.4309895828125 0.4814453125 0.4381510421875 0.4677734375 0.447265625 0.4638671875 0.453125 0.46435546875 0.4739583328125
30 0.5419921875 0.412109375 0.51806640625 0.3951822921875 0.51611328125 0.3951822921875 0.5146484375 0.3958333328125 0.51513671875 0.4244791671875 0.517578125 0.4270833328125 0.5419921875 0.412109375
28 0.427734375 0.478515625 0.41455078125 0.484375 0.3818359375 0.5045572921875 0.380859375 0.509765625 0.38427734375 0.5520833328125 0.3857421875 0.5553385421875 0.40478515625 0.576171875 0.41259765625 0.5813802078125 0.4775390625 0.5384114578125 0.47900390625 0.5013020828125 0.4755859375 0.490234375 0.47607421875 0.486328125 0.46630859375 0.4778645828125 0.462890625 0.4778645828125 0.447265625 0.4876302078125 0.443359375 0.4876302078125 0.431640625 0.4778645828125 0.427734375 0.478515625
27 0.40869140625 0.451171875 0.41650390625 0.4466145828125 0.41259765625 0.3841145828125 0.41015625 0.3841145828125 0.39306640625 0.3919270828125 0.39208984375 0.3938802078125 0.39599609375 0.439453125 0.40869140625 0.451171875
31 0.40673828125 0.4498697921875 0.39697265625 0.4407552078125 0.39599609375 0.4420572921875 0.396484375 0.4563802078125 0.40478515625 0.455078125 0.4072265625 0.4524739578125 0.40673828125 0.4498697921875
31 0.46826171875 0.5494791671875 0.4736328125 0.556640625 0.4833984375 0.564453125 0.486328125 0.5963541671875 0.5009765625 0.5852864578125 0.50341796875 0.5852864578125 0.51708984375 0.5970052078125 0.521484375 0.5970052078125 0.552734375 0.572265625 0.55224609375 0.5247395828125 0.54931640625 0.5240885421875 0.5234375 0.54296875 0.517578125 0.544921875 0.482421875 0.5149739578125 0.4814453125 0.5149739578125 0.47900390625 0.5162760421875 0.47900390625 0.5390625 0.4716796875 0.5442708328125 0.46826171875 0.5494791671875
32 0.48046875 0.4114583328125 0.48095703125 0.4342447921875 0.4833984375 0.435546875 0.4990234375 0.4290364578125 0.513671875 0.4388020828125 0.51513671875 0.4361979171875 0.51611328125 0.423828125 0.515625 0.365234375 0.513671875 0.3619791671875 0.49560546875 0.3515625 0.49365234375 0.3515625 0.4853515625 0.3723958328125 0.48681640625 0.376953125 0.4873046875 0.396484375 0.48046875 0.4114583328125