29 0.5291937625 0.47171728437500005 0.5179869781249999 0.4783167328125 0.511053103125 0.5000719578124999 0.5146909140625 0.5097016078125 0.530650753125 0.5284422359375001 0.5345997453125 0.5307687750000001 0.5603272078125 0.5143702890624999 0.5645822875000001 0.5013407796875 0.55320399375 0.4864263484375 0.534401490625 0.46697696562499996 0.5339277140625 0.46685884062499994 0.5291937625 0.47171728437500005
29 0.59388643125 0.397936675 0.5979891046875 0.39359180625 0.619731915625 0.318496209375 0.617676759375 0.3146289390625 0.5933477046875 0.295143575 0.5930314296875 0.29439374687500003 0.582927153125 0.29657127499999997 0.5620911453125 0.3074796125 0.5466534765625 0.3653600328125 0.54886868125 0.37262206875000004 0.557401765625 0.38280127343750003 0.553469328125 0.4066467875 0.5621611875 0.41820752343749995 0.5672152359375 0.4201386125 0.5818946875 0.4117211078125 0.585681084375 0.4066264109375 0.5897863046875 0.4063080125 0.59388643125 0.397936675
28 0.50715973125 0.336054934375 0.500208028125 0.32962487500000004 0.49973425000000005 0.3295067484375 0.471161578125 0.3411700078125 0.46250155781249996 0.3799401390625 0.46313538281250005 0.38345303125 0.472457246875 0.3924869578125 0.47482485937499996 0.391064353125 0.47403225937500004 0.386169928125 0.48018626875 0.3796526265625 0.5161780546875 0.3644713796875 0.5185380265624999 0.35096936562500003 0.5175879250000001 0.34670664375000004 0.5114237265625 0.3371180671875 0.50715973125 0.336054934375
30 0.5265705890625 0.318752515625 0.5017868609375 0.3293475484375 0.519799309375 0.3479289765625 0.5268868640625 0.31950234375000003 0.5265705890625 0.318752515625
30 0.6117299171874999 0.39903069375 0.6016192734375 0.3911420484375 0.601145496875 0.391023921875 0.5951489875 0.39690952031250004 0.59199514375 0.403503875 0.5829984703125 0.409312421875 0.5807909062500001 0.41412979375000003 0.5883738875 0.42004627812499995 0.6157094734374999 0.44967486718750005 0.604993021875 0.48256449375 0.601206625 0.48765919062499996 0.6056281218749999 0.4880906203125 0.62977675 0.4719694609375 0.643647046875 0.4324854796875 0.6117299171874999 0.39903069375
28 0.5646888484375 0.42017968593750005 0.5529955515625 0.40652866093749995 0.552521775 0.40641053437499997 0.5455751640625001 0.4080334125 0.5365784921875 0.413841959375 0.532953415625 0.42434465781249997 0.5272897390625 0.45715213749999994 0.57200776875 0.5078889671875 0.601524175 0.49042225312500004 0.6144494640625 0.454728490625 0.615076921875 0.448175209375 0.583002290625 0.41535212499999996 0.5792120734374999 0.41440711874999997 0.56879406875 0.4198612875 0.5646888484375 0.42017968593750005
27 0.600669171875 0.3868793265625 0.6033568812500001 0.392246253125 0.60888470625 0.39429546875 0.621512821875 0.3880503984375 0.624510440625 0.38410098125 0.6366456765625 0.3475392625 0.6355380734375 0.34390824375 0.621318390625 0.3302982921875 0.618949503125 0.3297076625 0.614849378125 0.338079 0.600669171875 0.3868793265625
27 0.5368947671875001 0.41459178750000003 0.5511004421875 0.40605615781250004 0.5572442640624999 0.3834329765625 0.53354266875 0.3573943328125 0.5330688921875 0.35727620781249997 0.501022278125 0.3687442890625 0.4950244953125 0.3726166546875 0.486025275 0.37439873125 0.4759248203125 0.38261596249999996 0.47229719843750007 0.3890921921875 0.46568851406249995 0.4256898890625 0.46790244531249997 0.430938690625 0.4887601046875 0.45425534375 0.49460165937499995 0.45302791875 0.52759200625 0.43575638281250006 0.531379678125 0.432674921875 0.5368947671875001 0.41459178750000003
31 0.5085203484374999 0.4900468578125 0.509785453125 0.4930461734375 0.5118380625000001 0.49288697499999995 0.5108879609375 0.48862425312499996 0.51467563125 0.485542790625 0.5175132015624999 0.47819860781249995 0.5328239328125 0.46926752499999996 0.5332951625 0.46535918125000003 0.526025909375 0.45616605625 0.5302758953125 0.4350836078125 0.529328340625 0.43484735625 0.48970765937499994 0.45449159687499996 0.48575866718749994 0.45216505781249994 0.466638615625 0.4299526109375 0.46443105156250003 0.4347699828125 0.4568748125 0.471131428125 0.47789251874999994 0.49784284687499997 0.4824715171875 0.497642575 0.4949408578125 0.490015971875 0.500151134375 0.4893021234375 0.5071028375 0.495732184375 0.5063115109375 0.49285099375 0.5085203484374999 0.4900468578125
32 0.5010974140625 0.48752513906250006 0.502365065625 0.494550925 0.5090017671875 0.5022443921875 0.5113693796875001 0.5008217875 0.5170394234375 0.47808048124999997 0.5160905953125 0.4758309953125 0.5151430421875001 0.4755947421875 0.5078839765625001 0.482507496875 0.50156991875 0.48563003125000004 0.5010974140625 0.48752513906250006
32 0.584027115625 0.2881228859375 0.56696476875 0.273804178125 0.5641221046875 0.273095421875 0.5533865515625 0.2757865265625 0.53507565625 0.28464055625 0.51932553125 0.34781085156249997 0.5174367906249999 0.357404521875 0.5190181703125 0.361153665625 0.5240709453125 0.36107151875 0.5330688921875 0.35727620781249997 0.5469710265625001 0.3681230953125 0.5635124765625 0.30783398906250004 0.5819808734375 0.29834825781249996 0.58560976875 0.2938852640625 0.584027115625 0.2881228859375
31 0.6126787453125 0.4012801796875 0.61804906875 0.403961096875 0.622617878125 0.387654946875 0.622301603125 0.3869051171875 0.60762215 0.395322621875 0.6126787453125 0.4012801796875