29 0.40174326406249994 0.48925395937499994 0.453521859375 0.48267116093749995 0.4631211609375 0.4842871875 0.49170653125 0.48121785624999996 0.5295054328125001 0.4743679140625 0.5351508859375 0.4692911875 0.537414603125 0.4638769625 0.5444182859375 0.4555517015625 0.56769158125 0.44903814999999997 0.5775849625 0.43169504375 0.5747360375 0.427274615625 0.5650304687500001 0.4216998828125 0.5617157015625 0.4148829046875 0.5578681203125 0.41214885625 0.5528355484375 0.4101425671875 0.5318128718749999 0.4077624984375 0.3379066421875 0.4235675609375 0.33160900781249997 0.42528911718750007 0.330064440625 0.42757903124999996 0.32744114999999996 0.43455541093749994 0.32792009218749996 0.44043135624999996 0.3187982546875 0.4685677359375 0.3190777609375 0.47000566718750003 0.33054043125 0.481207896875 0.3356530734375 0.4802141 0.3454925828125 0.47282986875 0.3494202328125 0.47256383125 0.34922079687499996 0.468125815625 0.3514976125 0.4661909875 0.3791643984375 0.46180795 0.3841038015625 0.463334928125 0.3984022984375 0.4754781890625 0.39997306250000003 0.48014706562500004 0.39862793281250003 0.486874996875 0.40174326406249994 0.48925395937499994
28 0.5167747484375 0.5146464484375 0.5121410484375 0.5215161921875 0.5045375812499999 0.540403865625 0.5048170859375001 0.5418417953125 0.5222440140625 0.559843415625 0.5322290875 0.566856078125 0.5736761328125 0.5583021687499999 0.576592028125 0.556243115625 0.5819448781250001 0.5462490625 0.5811995296875 0.54241458125 0.5736907078125 0.5379051046875001 0.5581009515625001 0.522530896875 0.552975209375 0.5200452984374999 0.550033115625 0.5151455609375 0.5395021296875 0.5087364328125 0.5167747484375 0.5146464484375
28 0.5789562921875 0.4319259046875 0.5708869812499999 0.4484170265625 0.5715391609375 0.4517721984375 0.5909503 0.4629216625 0.63203776875 0.4559299078125 0.668348925 0.39365808593749996 0.67396818125 0.3816225671875 0.672397415625 0.376953690625 0.63742271875 0.3573888078125 0.6052692734375 0.35916202343750003 0.5900245171875 0.3626227234375 0.5654570140625 0.413658246875 0.5660291234375 0.420013503125 0.5767464453125 0.4273812515625 0.5789562921875 0.4319259046875
30 0.48563305625000003 0.5182126796875 0.48217125000000005 0.5208752671875 0.48235758593750006 0.5218338874999999 0.5010626734375 0.5395870578124999 0.5050834921875 0.53980033125 0.5154034203125 0.5144155875 0.510650353125 0.5138472296875001 0.48563305625000003 0.5182126796875
30 0.5279521921875 0.4015490546875 0.5287907078125 0.405862846875 0.531906040625 0.40824180937500004 0.5472570640625001 0.4087398140625 0.5647378625 0.4167825578125 0.5830470296875 0.3779067765625 0.59267400625 0.3626051359375 0.6276501796875 0.3582935578125 0.6341472484375 0.36101001718750003 0.6378885609375 0.359785359375 0.6372363828125 0.3564301875 0.6049111734375 0.33684771874999997 0.557872546875 0.340519478125 0.5279521921875 0.4015490546875
32 0.6327700171874999 0.45628499375000003 0.6322241046875 0.456888528125 0.6369771734375 0.4574568859375 0.6513033421875 0.45268247968750003 0.6628329843749999 0.457405228125 0.669795896875 0.46251823906249995 0.676732609375 0.4606724578125 0.6813532109375 0.45032331875000003 0.672912703125 0.4410207421875 0.6669615453125 0.43770074687499994 0.6767209875 0.43331660312500003 0.674404875 0.4248132453125 0.64774984375 0.4309892984375 0.6327700171874999 0.45628499375000003
32 0.4310608828125 0.48653971250000005 0.4274127390625 0.48824368125 0.4235243859375 0.4989479046875 0.42389705937500005 0.5008651453125 0.44453248749999996 0.5217250375 0.4513090625 0.525879428125 0.5154034203125 0.5144155875 0.5363998984375 0.509836865625 0.53858354375 0.5074227265625 0.5252837031250001 0.49359308593750006 0.531981684375 0.47687110156249995 0.5288663515625001 0.4744921390625 0.48586164062500004 0.4818565671875 0.4650384015625 0.48391451406249997 0.456810428125 0.4825293484375 0.4310608828125 0.48653971250000005
31 0.5348365109375 0.3857856921875 0.5307225234375 0.38509310937499996 0.51510509375 0.38663656875 0.509539709375 0.3887132109375 0.5097260453125 0.38967183125 0.5265808640625 0.40131819375 0.5303221765624999 0.4000935359375 0.5359414328125001 0.38805801875 0.5348365109375 0.3857856921875
31 0.677793809375 0.524135975 0.7005095671875 0.4908701046875 0.701681459375 0.4866629484375 0.6983797921875 0.483325365625 0.6756669859375 0.46883831875000004 0.6735503078125 0.4647729765625 0.6687972421875 0.46420461875 0.6635521343749999 0.45428091875 0.6518492546875 0.45207894531250004 0.6096699625 0.46027776875 0.6085781390625 0.46148483906250004 0.6439386078125 0.48644635625 0.6473203468750001 0.48678385312500005 0.64574958125 0.4821149765625 0.6489318843749999 0.4780144578125 0.652127284375 0.477393334375 0.6544171984375 0.47893790156250005 0.6547098046875 0.48385522812500004 0.6481457640625 0.48761825 0.6530050968750001 0.4921453140625 0.6538436140624999 0.49645910468750004 0.6336041078125 0.5322281624999999 0.677793809375 0.524135975
27 0.5037734125 0.410228296875 0.5275125484375 0.4061112953125 0.5259417828124999 0.40144241875000003 0.5089937984375 0.3893167453125 0.5003130812500001 0.389014425 0.46451149062499997 0.3924916078125 0.4615955953125 0.3945506609375 0.45553669531249996 0.41114842031250004 0.4556298640625 0.41162772968750005 0.45993018750000003 0.4132789328125 0.5037734125 0.410228296875
27 0.6517269375 0.4923937625 0.6106817171875 0.462070784375 0.589033059375 0.4632943359375 0.5804324125 0.4599919296875 0.568796503125 0.4513104765625 0.5446046234375 0.456510321875 0.5325275953124999 0.47626756718749996 0.5263755265625 0.492386015625 0.5269345375000001 0.4952618765625 0.5397685375 0.5066949671875001 0.544920475 0.5161393578125 0.54820904375 0.51599754375 0.553427953125 0.518962453125 0.55490555 0.5231520203125 0.558473625 0.5244481375000001 0.5629733828125 0.53053735625 0.5671805390625 0.53170925 0.5821181171875 0.5437282859375 0.632325946875 0.5324766125 0.653204534375 0.4965833296875 0.6517269375 0.4923937625