29 0.5166015625 0.505859375 0.53662109375 0.5201822921875 0.541015625 0.521484375 0.56201171875 0.4993489578125 0.56298828125 0.4856770828125 0.54833984375 0.4739583328125 0.525390625 0.4596354171875 0.52490234375 0.4596354171875 0.521484375 0.4654947921875 0.51220703125 0.474609375 0.5107421875 0.4973958328125 0.5166015625 0.505859375
29 0.5166015625 0.3645833328125 0.52734375 0.3723958328125 0.529296875 0.396484375 0.54052734375 0.4055989578125 0.5458984375 0.40625 0.55810546875 0.39453125 0.560546875 0.388671875 0.564453125 0.3873697921875 0.56640625 0.3782552078125 0.5693359375 0.373046875 0.572265625 0.294921875 0.5693359375 0.2916666671875 0.541015625 0.2786458328125 0.54052734375 0.2779947921875 0.53125 0.2825520828125 0.513671875 0.2981770828125 0.5126953125 0.3580729171875 0.5166015625 0.3645833328125
28 0.447265625 0.40234375 0.44921875 0.400390625 0.447265625 0.3958333328125 0.45166015625 0.3880208328125 0.48291015625 0.3645833328125 0.48193359375 0.3509114578125 0.47998046875 0.3470052078125 0.4716796875 0.3391927078125 0.46728515625 0.3391927078125 0.458984375 0.3346354171875 0.45849609375 0.3346354171875 0.43359375 0.3528645828125 0.4345703125 0.392578125 0.43603515625 0.3958333328125 0.447265625 0.40234375
30 0.48193359375 0.3177083328125 0.46044921875 0.333984375 0.482421875 0.34765625 0.482421875 0.318359375 0.48193359375 0.3177083328125
30 0.5576171875 0.3971354171875 0.56640625 0.4010416671875 0.60009765625 0.4231770828125 0.59765625 0.4576822921875 0.59521484375 0.4635416671875 0.599609375 0.462890625 0.619140625 0.44140625 0.623046875 0.3997395828125 0.583984375 0.375 0.572265625 0.3697916671875 0.57177734375 0.3697916671875 0.5673828125 0.376953125 0.56591796875 0.3841145828125 0.55859375 0.3919270828125 0.5576171875 0.3971354171875
28 0.51611328125 0.4518229171875 0.57177734375 0.490234375 0.59619140625 0.4661458328125 0.60009765625 0.4283854171875 0.59912109375 0.421875 0.56005859375 0.3977864578125 0.55615234375 0.3977864578125 0.54736328125 0.4055989578125 0.54345703125 0.4069010421875 0.52880859375 0.396484375 0.5283203125 0.396484375 0.52197265625 0.3997395828125 0.5146484375 0.4075520828125 0.513671875 0.4186197921875 0.51611328125 0.4518229171875
27 0.580078125 0.37109375 0.5908203125 0.3619791671875 0.5927734375 0.357421875 0.595703125 0.3190104171875 0.59375 0.3157552078125 0.57666015625 0.3059895828125 0.57421875 0.3059895828125 0.572265625 0.3151041671875 0.5703125 0.3658854171875 0.57421875 0.3704427078125 0.580078125 0.37109375
27 0.4482421875 0.3919270828125 0.4462890625 0.3990885421875 0.44873046875 0.4361979171875 0.4521484375 0.4407552078125 0.47802734375 0.4583333328125 0.4833984375 0.4557291671875 0.51123046875 0.4309895828125 0.51416015625 0.4270833328125 0.51513671875 0.408203125 0.52685546875 0.396484375 0.52734375 0.373046875 0.498046875 0.353515625 0.49755859375 0.353515625 0.46923828125 0.3723958328125 0.46435546875 0.3776041671875 0.4560546875 0.3815104171875 0.4482421875 0.3919270828125
31 0.44970703125 0.4453125 0.451171875 0.482421875 0.47802734375 0.5032552078125 0.482421875 0.501953125 0.49267578125 0.4915364578125 0.49755859375 0.4895833328125 0.505859375 0.494140625 0.50439453125 0.4915364578125 0.505859375 0.48828125 0.5078125 0.4908854171875 0.509765625 0.490234375 0.5078125 0.486328125 0.5107421875 0.482421875 0.51171875 0.474609375 0.5244140625 0.4622395828125 0.52392578125 0.4583333328125 0.5146484375 0.451171875 0.513671875 0.4296875 0.5126953125 0.4296875 0.47900390625 0.4583333328125 0.474609375 0.45703125 0.45068359375 0.4401041671875 0.44970703125 0.4453125
32 0.5009765625 0.494140625 0.50927734375 0.5 0.51123046875 0.498046875 0.51123046875 0.474609375 0.509765625 0.47265625 0.5087890625 0.47265625 0.50341796875 0.4811197921875 0.498046875 0.4856770828125 0.498046875 0.4876302078125 0.5009765625 0.494140625
32 0.482421875 0.357421875 0.48486328125 0.3606770828125 0.48974609375 0.359375 0.49755859375 0.353515625 0.513671875 0.3606770828125 0.51513671875 0.2981770828125 0.53076171875 0.2845052078125 0.533203125 0.279296875 0.5302734375 0.2740885421875 0.51025390625 0.2643229171875 0.50732421875 0.2643229171875 0.49755859375 0.26953125 0.48193359375 0.2825520828125 0.48193359375 0.34765625 0.482421875 0.357421875
31 0.591796875 0.361328125 0.59130859375 0.3606770828125 0.5791015625 0.3723958328125 0.58544921875 0.376953125 0.59130859375 0.3782552078125 0.591796875 0.361328125